52019153
52019156
52019154
52019155
52019159
52019157
52019169
52019170
52019172
52019173
52019174
52019171
52019140
52019139
52019141
52019142
52019144
52019143
52019192
52019194
52019191
52019187
52019195
52019188
52019175
52019176
52019178
52019181
52019179
52019182
52019197
52019199
52019196
52019198
52019201
52019200
52040630
52040628
52040622
52040623
52040626
52040627
52040642
52040637
52040634
52040641
52040632
52040633
52040635
52040636
52040639
52040640
52040648
52040645
52040644
52040621
52040693
52040695
52040692
52040698
52040716
52040710
52040709
52040715
52040703
52040705
52040696
52040694
52040704
52040702
52040701
52040699
52040706
52040700
52040711
52040712
52040657
52040656
52040652
52040650
52040654
52040658
52040660
52040653
52040651
52040659
52040655
52040689
52040688
52040687
52040683
52040684
52040682
52040691
52040685
52040824
52040828
52040823
52040840
52040822
52040827
52040842
52339117
52040825
52040835
52040833
52787694
52040849
52040848
52787693
52040851
52787692
52876257
52040855
52040856
52040858
52040860
52040854
52040844
52176274
52177258
52177251
52177255
52177252
52177256
52177253
52177254
52177257
52044457
52044459
52044460
52044456
53307994
52044455
52044454
52044458
52044462
52044473
52044470
52044469
52044474
52183566
52044475
52044472
53307995
52044477
52044510
52044514
52183887
52044515
52044511
52044513
52044517
52044516
52044512
52179561
52179562
52179560
52044520
52044524
52044521
52044523
52044519
52044525
52044526
52044527
52044522
52044562
52044558
52044564
52044560
52044559
52044565
53312463
52044563
53312460
52044567
53312464
52044570
52044566
52044568
52044569
52044571
52044577
52044573
52044575
52044578
52044576
52044580
52044572
52044579
52044574
52040420
52040419
52040417
52040409
52040413
52040412
52040439
52040430
52040425
52040424
52040429
52040422
52040428
52040434
52040427
52040423
52040432
52040433
52040426
52040437
52040438
52040431
52040436
52040435
52040440
52040442
52040441
52040443
52040445
52040444
52040447
52040449
52040446
52040448
52040452
52040450
53165096
52040455
52040456
52040458
52040457
52040459
52040460
52040464
52040461
52040462
52040463
52040465
52040466
52040483
52040474
52040473
52040482
52040479
52040475
52040477
52040476
52040480
52040478
52040481
52040484
52040467
52040468
52040471
52040469
52040470
52040485
52040486
52040490
52040487
52040489
52040498
52040493
52040499
52040496
52040492
52040495
52040491
52040497
52041177
52179356
52156122
52179352
52179361
52179355
52179387
52179548
52179546
52179393
52179366
52179365
52179354
52179252
52179247
52041115
52041081
52179339
52156143
52156145
52179333
52156141
52179383
52179384
52156147
52179340
52156146
52179348
52179349
52179325
52156162
52179360
52156591
52041056
52179358
52287239
52179351
52041175
52179350
52041254
52041259
52041253
52041252
52041258
52041251
52041261
52041255
52041250
52041260
52041256
52156594
52041046
52156598
52156600
52156599
52179420
52156601
52179347
52179425
52179423
52179424
52179421
52179336
52179418
52179417
52179412
52179439
52179419
52179416
52179414
52179413
52179410
52179411
52041047
52179445
52041049
52041058
52179444
52041050
52041055
52041051
52041053
52041052
52041068
52041065
52041062
52041069
52041060
52041070
52041064
52041066
52041063
52041059
52040291
52039672
52039676
52039675
52039669
52039670
52039667
52039659
52039666
52039645
52039661
52039660
52039687
52039684
52403833
52039649
52039686
52039685
52403837
52403836
52039620
52039623
52039625
52039624
52039681
52039680
52403838
52039679
52039678
52274538
52274535
52274553
52274537
52274532
52274539
52286355
52613294
52286341
52039576
52286344
52286345
52039546
52039537
52286141
52286133
52286426
52039585
52384434
52384394
52384396
52384397
52384398
52384432
52384438
52384399
52384436
52384435
52384429
52384433
52384437
52384400
52384430
52384431
52384550
52384478
52384488
52384489
52384736
52384480
52384482
52384481
52384476
52384520
52384519
52384571
52384521
52384573
52384487
52384483
52384473
52385061
52385060
52385064
52385058
52385066
52385068
52385055
52385065
52385053
52385059
52385067
52385063
52385062
52040544
52040545
52040546
52040547
52040551
52040548
52040550
52040542
52174982
52040549
52040543
52040540
52040553
52040552
52040554
52040559
52040562
52040558
52040555
52040556
52040561
52040557
52040560
52040563
52040577
52040575
52040579
52040580
52040574
52040576
52040573
52040578
52040581
52040584
52040588
52040591
52040585
52040582
52040583
52040586
52040593
52040587
52040592
52040590
52040589
53035834
53035833
53035832
52385136
52385135
52385133
52385131
52385130
52385129
52385128
52385122
52385088
52385086
52385085
52385084
52385083
52882071
52882075
52882080
52882074
52882073
52882081
52882091
52882092
52881480
52882087
52881481
52882089
52882086
52882088
52882110
52882107
52882113
52882108
52882112
52882109
52882111
52882135
52882138
52882139
52882137
52882136
52882115
52882117
52882114
52882116
52882118
52882120
52882121
52882119
52882126
52882125
52882130
52882129
52882132
52882128
52882134
52882133
52882131
52882127
52882122
52882123
52882124
52882103
52882106
52882104
52882102
52882105
52882094
52882095
52882100
52882096
52882098
52882101
52039093
52039091
52039092
52039094
52039095
52039090
52039097
52039096
52039101
52039100
52383342
52039102
52383344
52039098
52039099
52039122
52039126
52039120
52039119
52039131
52039125
52039140
52039136
52039134
52039137
52039133
52039141
52384546
52384542
52039103
52384544
52039104
52039108
52039105
52039113
52039112
52039111
52039107
52039109
52384547
52039115
52039106
52384548
52039114
52039110
52384543
52384545
52039160
52290302
52039152
52039156
52039159
52039154
52039155
52039157
52039158
52039174
52039186
52039177
52039184
52039176
52039190
52039179
52039175
52039181
52039187
52039182
52039188
52039183
52039189
52039185
52039180
52039178
52039162
52039169
52039166
52039165
52039164
52039172
52039167
52039173
52039171
52039163
52039168
52039170
52041296
52041294
52041298
52041295
52041297
52041302
52041299
52041300
52041301
52782006
52041304
52041305
52041308
52041303
52041306
52041310
52041307
52041309
52041322
52384474
52041321
52041287
52041289
52041292
52041293
52041288
52041290
52041291
52041313
52041316
52041317
52041320
52041314
52041312
52041318
52041319
52041315
52041337
52041336
52041342
52041341
52041339
52041334
52041333
52041335
52041338
52041340
52041325
52041324
52041321
52041322
52041323
52041331
52041327
52041332
52041330
52041329
52041328
52041345
52041346
52041347
52041348
52041344
52041343
52355378
52355379
52041720
52041722
52041719
52041734
52044248
52041735
52041736
52041726
52041724
52041727
52041731
52041732
52041725