656996883057
653062732283
656791657835
656223381878
653632066023
656388422573
656901483319
656346908805
656254686042
656786743886
655771984586
657184307650
655773576081
656346148009
657502131398
657698063197
655940385360
652742760688
655447341979
653541802981
654930996734
653940386547
656647671592
657629235195
657628843905
656859409024
656793341500
656318566323
656413173637
657437479014
655330318986
657699487631
653256889441
656731017381
653668680494
656463634508
656462886471
657385251631
656714851411
656412200233
653832781435
656855773328
654503171615
654016499133
655723787347
656284268284
654707131766
656283960914
653507988505
656647627584
654998304602
656320922597
653497973085
656085201473
654931796383
657236766591
656412124427
655493684393
656462043210
654318394221
656166684197
655520801337
657042934109
655243352730
656788938792
654709072763
655155187035
656788426170
655773188154
656223425270
655518845355
656223745720
656222609304
656648595165
653942445589
655751686797
657877011151
652826012768
655919423656
653715242196
653306448390
655193964029
654789507791
656210347587
654511208783
653341921280
654253871572
654253531981
655069748256
654762456771
652738228761
652738380498
652738824062
652742760688
652744108825
652826012768
652993788194
653035508919
653062732283
653062736374
655643181031
655137176948
653949816849
655721135443
656352019673
654478818962
653715198458
653868938014
653062736374
654226840169
655214261786
654600683193
653877164203
654764334693
655895190161
653631094968
655894054306
656285187579
654182565774
655588182975
654438752257
656784639022
654592995678
654503059622
655377017830
653035508919
655692657578
655027289135
654949235503
654184359767
654707507367
652738824062
656352295366
652744108825
654593799243
655401934932
656254062678
652993788194
654776940446
653341229450
655526658088
656017966055
654881553778
655648739655
654730461842
655751886039
655721411011
655959102874
656410431465
654182373884
655136168383
655561980139
652738380498
653395512459
653933019194
654789575758
655401342901
655401358958
655643593406
656209315559
653747252731
653747652185
654073012290
654709068142
654881541526
655106830457
655495191255
655518197584
653131612165
653278060503
654116166622
654184841058
654325323214
655081107383
655135732854
655244204182
655401838287
655445593374
655466642462
657219718913
652738228761
653631838200
653715514200
653868782152
653927319111
653931419247
653942337829
654183277746
654324911767
654507179172
652738228761
652738380498
652738824062
652742760688
652744108825
652826012768
652993788194
653035508919
653062732283
653062736374
655068960770
655202109389
655446865026
655525578775
655572066232
655643321136
655753926268
655899271089
656284587602
656464702266
656663088972
656663240491
656730985449
656794025712
656928981862
656929901141
657483422735
652738228761
652738380498
652738824062
652742760688
652744108825
652826012768
652993788194
653035508919
653062732283
653062736374